# Click latencies
# CF latencies
10000 6.7812   6.5312   6.3125   6.1250   6.0000   5.9062   5.8750


# Toneburst latencies
# CF latencies
1000  10.7812    9.9688    9.7812    8.9688    8.0312    8.0000    7.9375
1500  10.0312    9.4375    8.8438    8.5938    8.5000    7.9375    7.8438
2000   9.5938    9.0625    8.6562    8.3125    7.8750    7.7188    7.3438
3000   8.6875    8.2812    7.9062    7.5938    7.3438    7.0938    6.8750
6000   7.2188    6.9688    6.7500    6.5625    6.4062    6.2812    6.1562
8000   6.8438    6.6250    6.4375    6.3125    6.1875    6.0938    6.0312
